1.37503348043
1.37836188326
1.39374192476
1.39397272063
1.39626757007
1.39646235003
1.41232518831
1.41242405938
1.4127805795
1.4140625069
1.4141407922
1.41444760207
1.43075243307
1.43078312123
1.43097726095
1.43145716026
1.43170976591
1.43174629758
1.43190023612
1.43231743612
1.44895742911
1.44905272726
1.44911557898
1.44916870475
1.44924434723
1.4493185986
1.44940127434
1.44954542536
1.45000249972
1.45007154076
1.46647921621
1.46651703765
1.46666554198
1.46677910757
1.46700631261
1.46703861454
1.46707591977
1.46722549218
1.46732249273
1.46769588284
1.46770972413
1.46841660567
1.48360396878
1.48367684755
1.48375411458
1.48397278752
1.48412735827
1.48449119965
1.48483732319
1.48492893169
1.48499554153
1.48523168023
1.48527032682
1.48540357759
1.48586076853
1.48669951415
1.48894471765
1.48894480488
1.48894490532
1.50057824945
1.50061781365
1.50076048633
1.50087980909
1.50116513329
1.50136305138
1.50179077412
1.50196701237
1.50196706569
1.50196717317
1.50251052174
1.50254494731
1.50263718843
1.50272410786
1.50282817692
1.50318641977
1.5033587539
1.50389561113
1.50485120951
1.50694324497
1.50694333215
1.50694343129
1.51491843973
1.51491854584
1.51491864549
1.51736862964
1.51743853947
1.51751959395
1.51773027165
1.51789261008
1.51824189302
1.51848579193
1.51897408873
1.5198723189
1.51987240564
1.51987247746
1.5199259419
1.51996912699
1.52005686353
1.52012818432
1.52039219158
1.52053502545
1.52097316857
1.52118778838
1.52180005362
1.52287164839
1.52478854425
1.52478866854
1.5247887372
1.52779829201
